V1 AstroSolver/src/tests_and_verifications/streakvalues.ecsv
# %ECSV 1.0
# ---
# datatype:
# - {name: label, datatype: int64}
# - {name: xcentroid, datatype: float64}
# - {name: ycentroid, datatype: float64}
# - {name: sky_centroid, datatype: string, subtype: json}
# - {name: bbox_xmin, datatype: int64}
# - {name: bbox_xmax, datatype: int64}
# - {name: bbox_ymin, datatype: int64}
# - {name: bbox_ymax, datatype: int64}
# - {name: area, unit: pix2, datatype: float64}
# - {name: semimajor_sigma, unit: pix, datatype: float64}
# - {name: semiminor_sigma, unit: pix, datatype: float64}
# - {name: orientation, unit: deg, datatype: float64}
# - {name: eccentricity, datatype: float64}
# - {name: min_value, datatype: float64}
# - {name: max_value, datatype: float64}
# - {name: local_background, datatype: float64}
# - {name: segment_flux, datatype: float64}
# - {name: segment_fluxerr, datatype: float64}
# - {name: kron_flux, datatype: float64}
# - {name: kron_fluxerr, datatype: float64}
# meta:
#   __serialized_columns__:
#     area:
#       __class__: astropy.units.quantity.Quantity
#       unit: !astropy.units.Unit {unit: pix2}
#       value: !astropy.table.SerializedColumn {name: area}
#     eccentricity:
#       __class__: astropy.units.quantity.Quantity
#       unit: !astropy.units.Unit {unit: ''}
#       value: !astropy.table.SerializedColumn {name: eccentricity}
#     orientation:
#       __class__: astropy.units.quantity.Quantity
#       unit: !astropy.units.Unit {unit: deg}
#       value: !astropy.table.SerializedColumn {name: orientation}
#     semimajor_sigma:
#       __class__: astropy.units.quantity.Quantity
#       unit: !astropy.units.Unit {unit: pix}
#       value: !astropy.table.SerializedColumn {name: semimajor_sigma}
#     semiminor_sigma:
#       __class__: astropy.units.quantity.Quantity
#       unit: !astropy.units.Unit {unit: pix}
#       value: !astropy.table.SerializedColumn {name: semiminor_sigma}
#   date: 2022-07-26 12:52:00 EDT
#   version: {Python: 3.9.5, astropy: 5.0.4, bottleneck: null, gwcs: null, matplotlib: 3.5.2, numpy: 1.22.3, photutils: 1.4.0, scipy: 1.8.0,
#     skimage: 0.19.2, sklearn: null}
# schema: astropy-2.0
label xcentroid ycentroid sky_centroid bbox_xmin bbox_xmax bbox_ymin bbox_ymax area semimajor_sigma semiminor_sigma orientation eccentricity min_value max_value local_background segment_flux segment_fluxerr kron_flux kron_fluxerr
1 397.3593881903408 4.783150797529657 null 394 400 1 9 14.0 2.6436020309303503 0.9055358277496894 54.187897639921104 0.9395037436943044 12692.0 13346.0 0.0 180056.0 nan 5309727.9256345965 nan
2 404.6297032915106 3.5471792593219504 null 403 406 1 6 11.0 1.620275935430296 0.7541423727787312 -71.6331524588505 0.8850790646307234 12670.0 13686.0 0.0 141789.0 nan 2805880.931019996 nan
3 362.93891957391645 11.076729790151985 null 358 366 3 19 33.0 4.140244245285554 1.7623585529652561 -87.34440269326552 0.9048806563067163 12727.0 13616.0 0.0 425832.0 nan 16863309.497426607 nan
4 368.3532868110129 7.263257953864862 null 367 370 4 11 17.0 2.230556955695469 0.822834953102283 -72.96271839143384 0.9294722056096089 12727.0 14345.0 0.0 220396.0 nan 4241428.060044254 nan
5 192.99677186678855 9.622287666334293 null 177 209 6 13 62.0 9.350153252584397 0.5270013924748562 12.589816226637064 0.9984103504307239 11808.0 14842.0 0.0 819359.0 nan 12811566.094036723 nan
6 341.33414062348635 14.412725476139732 null 339 343 11 19 12.0 2.6587061563336643 0.9431331289694053 68.46396328689644 0.9349673150204281 12777.0 13232.0 0.0 154839.0 nan 8445530.899343338 nan
7 348.210012924892 17.558664648763298 null 345 351 14 22 14.0 2.7671649292986005 0.7437181514498757 52.8515361140152 0.9632056722602628 12742.0 13938.0 0.0 181046.0 nan 7467383.1542725405 nan
8 398.5004301944521 22.736782527421582 null 383 415 19 27 69.0 9.53102828539143 0.6403563283085196 12.873529127515264 0.9977404350221465 12677.0 14885.0 0.0 942597.0 nan 23366787.929614015 nan
9 339.18753263683396 23.808615753822906 null 337 342 21 28 21.0 2.114930138228058 1.3188563714423351 84.17520316061052 0.7817488937851285 12752.0 13048.0 0.0 270017.0 nan 10963245.22163339 nan
10 207.51661115481227 45.03935736865037 null 198 217 43 47 28.0 5.965418827807056 0.6707516228996336 9.774061096157407 0.9936585173199797 11994.0 12752.0 0.0 341969.0 nan 14677140.40506286 nan
11 276.56684786031246 60.999880194085584 null 262 288 57 64 50.0 7.413882226847332 0.7442843599819535 13.323105500720152 0.9949480991422972 12720.0 13811.0 0.0 651053.0 nan 21191866.89800418 nan
12 171.1710023661042 63.49502729622182 null 156 188 60 67 83.0 9.233606416213915 0.8414788987782851 11.665054875224541 0.9958388029640377 11869.0 14626.0 0.0 1081102.0 nan 28072189.866123915 nan
13 231.83121120032163 65.24954652414006 null 217 248 62 69 64.0 9.372265338055268 0.6986575684272428 11.934890078433403 0.9972176344126117 12342.0 14820.0 0.0 845690.0 nan 24460208.504626337 nan
14 297.51071094856695 69.17833985418298 null 284 315 66 73 49.0 9.239614633770953 0.716638866593441 12.450111395143688 0.9969875653123726 12722.0 14492.0 0.0 634631.0 nan 25411600.437943853 nan
15 323.37668908908654 139.19424540256335 null 308 339 135 143 61.0 9.385079112269104 0.7357760618354399 12.939562731643012 0.996922101394799 12647.0 14084.0 0.0 793105.0 nan 26839086.410446644 nan
16 403.6103230024404 156.357957267414 null 395 412 154 159 28.0 5.062668689229845 0.6000819681847017 14.13725469451745 0.9929503808828153 12453.0 13048.0 0.0 354858.0 nan 11393972.882098787 nan
17 419.0712270210534 161.07881701549974 null 415 422 159 165 14.0 2.664225023503118 1.1368555489490586 39.52110209042122 0.9043877852066542 12430.0 13679.0 0.0 178261.0 nan 11489308.645809881 nan
18 233.08605877494546 174.54202698028365 null 230 237 173 176 11.0 2.127460265016981 0.7233423768834593 8.670659667354823 0.9404244352429048 12722.0 13159.0 0.0 141659.0 nan 6147147.081337905 nan
19 310.9758166637497 246.06790174297097 null 307 315 243 249 15.0 2.5089068628112505 1.0805203946708997 30.533617216828347 0.9025076718959639 12545.0 14627.0 0.0 194266.0 nan 10502732.381259913 nan
20 406.56058218808784 303.11593798301004 null 389 424 299 308 118.0 9.763055051352687 1.0409354544843337 12.387333359653962 0.9942998581002664 12179.0 17650.0 0.0 1669220.0 nan 37240687.406379014 nan
21 391.3673861820355 372.3908501715056 null 374 407 365 378 109.0 9.686959600094676 1.4799798143510021 12.031850745744523 0.9882601268613683 12139.0 14525.0 0.0 1419196.0 nan 53395766.97746535 nan
22 140.09563602599815 391.0946712511606 null 137 142 389 394 11.0 2.3821591515167437 0.8164947489038772 38.728791873024086 0.9394251679890834 12447.0 12853.0 0.0 137856.0 nan 7505601.043597863 nan
23 98.78711127256753 436.7857553203173 null 97 101 431 442 19.0 3.461929031739276 1.0336285997851542 81.29879999403032 0.9543876977891061 12348.0 12850.0 0.0 236734.0 nan 13531264.273861002 nan
24 298.41185671256113 436.978842301395 null 282 314 433 440 50.0 9.180643357503225 0.5703895054335744 12.464485603391061 0.998068091580485 12288.0 14740.0 0.0 628471.0 nan 19664394.466914184 nan
25 110.63486586983467 440.27102918898544 null 108 113 438 442 11.0 1.9600110337517564 0.7777745997055344 -23.04005023681714 0.9178957807005221 12384.0 12959.0 0.0 137963.0 nan 5850573.209291883 nan
26 98.58720337797787 446.91205402633386 null 97 100 444 449 12.0 1.7953994561672617 0.665672215034167 -65.78239591791738 0.9287265088970317 12364.0 12780.0 0.0 150149.0 nan 4336471.33524619 nan
27 98.5364136743176 454.0658040428138 null 97 101 451 458 15.0 2.2152194696022542 0.8611708147370952 -68.2178896244495 0.9213424701248375 12357.0 12627.0 0.0 186949.0 nan 7300489.560536457 nan
28 133.87735190736345 459.1891084900586 null 117 151 454 464 126.0 9.975234945302098 1.1882381536412132 11.917823214365162 0.9928800069539618 12353.0 15795.0 0.0 1701013.0 nan 44252499.63932136 nan
29 336.63522118207175 464.18175047098856 null 334 338 461 467 11.0 1.7351165262215194 1.1685688937029435 -71.96175909297557 0.7392040713537097 12294.0 12964.0 0.0 136946.0 nan 7617647.593507802 nan
30 478.9551918776364 471.32498500446604 null 462 497 465 477 95.0 10.319445319242043 1.2463959305318015 12.390213192681788 0.9926791423650232 12044.0 22287.0 0.0 1227032.0 nan 27365570.291941706 nan
31 407.16563597313603 473.334101523881 null 406 410 471 475 12.0 1.4342138701531661 0.9856830639804921 38.45648430866794 0.7264080608623544 12176.0 12311.0 0.0 146665.0 nan 5309242.924297675 nan
32 435.4694349632591 473.75983581310857 null 432 439 472 476 13.0 2.4794210559498158 1.0143397999888488 -15.925067226642755 0.9124879927095573 12098.0 12767.0 0.0 159087.0 nan 9327190.639090288 nan
33 384.7995358546494 3.381980375550821 null 375 394 1 6 47.0 5.353513827213964 1.3925882757243642 0.4215535185386643 0.9655746738198496 12704.0 13279.0 0.0 604552.0 nan 16427379.099871175 nan
34 378.08136008679975 8.295201039246672 null 370 387 5 13 37.0 5.068199378766595 1.947826368784771 -7.759503746555654 0.9231986316804396 12711.0 13590.0 0.0 476499.0 nan 26144537.054660276 nan
35 353.90680866711926 12.501057224485177 null 351 357 8 16 22.0 2.37872361918578 1.3976808622107744 -62.78670613398634 0.8091689980905509 12736.0 13122.0 0.0 282816.0 nan 10949272.629239867 nan
36 356.7254525130314 18.96293816651523 null 352 362 16 21 26.0 2.7949832819237606 1.4774393281240006 -2.1718839043719647 0.8488685509072356 12728.0 13102.0 0.0 334576.0 nan 16175480.167287942 nan
37 467.62810824798146 10.99735289695181 null 462 474 9 13 22.0 3.7642644423141647 0.626059041758554 13.029065274809044 0.9860724331961463 12575.0 13631.0 0.0 285973.0 nan 8828304.296998821 nan
38 484.0774959240434 14.811280809437038 null 475 493 12 17 32.0 5.472867564953142 0.5062030472308535 13.300667646088394 0.995713315927478 12586.0 13478.0 0.0 417080.0 nan 6693764.865858339 nan
39 260.87713704579187 133.18750552710011 null 253 267 131 136 32.0 4.32881113244425 0.6910519172868494 13.807558203687053 0.987175279736995 12714.0 13865.0 0.0 418393.0 nan 11669572.522117224 nan
40 275.76064560236586 136.63702598919923 null 268 285 134 140 39.0 4.796424960593125 1.066880717787046 13.42807438648068 0.9749480961105405 12677.0 13662.0 0.0 507557.0 nan 19882726.898643065 nan
41 24.849804612330743 136.16978206330018 null 17 34 134 138 50.0 4.3967986704099715 0.9684297597522994 6.955638653786482 0.9754416669779264 11868.0 13126.0 0.0 626191.0 nan 12989507.631080521 nan
42 40.92113159194085 140.03636174640332 null 30 51 137 143 79.0 5.735653080873338 1.1310688204767316 11.028613428037247 0.9803633485914163 12007.0 13494.0 0.0 1000502.0 nan 21882718.57570593 nan
43 293.1470979000701 219.36445355954723 null 286 299 217 222 29.0 4.034979534992523 0.6728039160882624 14.603449322430405 0.986000419809286 12586.0 14299.0 0.0 379346.0 nan 10373085.833525069 nan
44 308.7038453078027 222.84871735783045 null 300 318 219 226 44.0 5.083110156052936 1.0728452654654062 13.656104995438016 0.9774729363215747 12570.0 15063.0 0.0 572802.0 nan 20909823.50242471 nan
45 364.13455914949344 279.27084680551656 null 360 369 278 281 19.0 2.8467163012774876 0.5426403469951242 13.434007424957311 0.9816639502743403 12494.0 13443.0 0.0 245877.0 nan 5872036.768641934 nan
46 379.5170146839923 282.74506348437956 null 370 391 280 285 43.0 6.105752529394857 0.6734692709533786 12.539962007376 0.9938982532280354 12422.0 13452.0 0.0 551553.0 nan 15599464.252766587 nan
47 467.82561879259293 425.99847692721835 null 461 474 423 428 23.0 4.051266908455869 0.5804985876377814 13.52185104929998 0.989681010595317 11993.0 12627.0 0.0 282324.0 nan 8337655.826683659 nan
48 482.769986867039 429.38822214244493 null 475 491 428 431 18.0 4.963634490502462 0.2893449666157584 12.522999871544952 0.9982995193574062 11984.0 12667.0 0.0 220057.0 nan 3514501.4059942234 nan
